0:
663,721,725,
1:
16,135,468,
2:
531,548,114,367,475,682,376,
3:
273,
4:
76,158,694,
5:
461,
6:
110,603,671,401,
7:
657,438,
8:
337,
9:
156,196,346,140,444,350,122,495,357,
10:
637,44,238,161,449,742,314,
11:
570,
12:
321,52,313,405,
13:
149,108,547,659,
14:
389,634,323,369,618,48,514,
15:
95,
16:
454,
17:
85,483,266,57,293,479,4,359,
18:
165,684,
19:
218,
20:
741,32,171,650,318,180,384,607,568,561,641,
21:
146,
22:
723,
23:
154,
24:
679,
25:
18,
26:
14,469,
27:
222,562,
28:
427,343,265,522,426,
29:
362,
30:
286,594,
31:
443,
32:
496,
33:
630,
34:
387,
35:
413,
36:
289,342,178,610,421,704,
37:
622,
38:
215,280,
39:
167,
40:
358,579,132,481,311,
41:
382,393,159,569,517,458,86,558,409,
42:
374,
43:
747,67,
44:
105,
45:
720,
46:
349,
47:
259,202,
48:
214,560,257,635,370,611,559,306,516,491,253,
49:
730,
50:
82,
51:
651,
52:
261,90,422,203,658,
53:
675,
54:
583,
55:
680,
56:
96,77,113,5,
57:
119,251,
58:
185,
59:
365,667,
60:
50,640,689,
61:
414,656,
62:
327,612,270,65,127,
63:
322,8,183,179,
64:
664,63,256,260,212,
65:
652,
66:
287,240,575,
67:
39,
68:
282,
69:
3,574,
70:
415,166,276,712,
71:
37,573,627,368,488,497,504,78,91,513,511,205,118,72,138,484,
72:
331,
73:
160,
74:
520,192,
75:
700,567,
76:
361,702,666,111,598,735,467,613,746,529,432,399,139,582,124,319,541,696,452,
77:
216,440,592,542,506,482,500,312,117,
78:
225,213,593,133,
79:
416,411,646,182,
80:
738,
81:
264,647,
82:
539,
83:
543,448,591,748,56,419,121,
84:
660,99,373,661,339,291,716,83,329,123,632,
85:
221,
86:
737,417,
87:
144,
88:
285,172,23,106,242,394,571,
89:
17,708,
90:
713,
91:
615,27,706,649,528,453,551,503,
92:
208,465,13,391,129,636,107,54,
93:
184,595,662,19,
94:
477,434,191,
95:
626,325,11,602,43,722,526,508,625,217,455,175,669,668,101,
96:
683,494,674,441,157,403,512,457,254,
97:
436,623,
98:
620,644,163,177,536,279,717,
99:
363,
100:
463,197,320,490,
101:
297,223,200,25,268,
102:
290,28,68,617,207,665,654,230,628,719,0,295,231,608,15,556,724,572,255,
103:
162,116,
104:
201,435,
105:
61,
106:
524,693,462,428,248,35,130,727,471,
107:
404,
108:
7,
109:
590,412,584,235,388,169,380,
110:
245,
111:
515,
112:
115,109,
113:
379,
114:
219,673,
115:
258,
116:
685,
117:
538,81,711,
118:
194,
119:
431,288,345,
120:
174,534,749,302,
121:
545,366,633,739,
122:
459,
123:
390,
124:
181,
125:
600,142,371,
126:
624,621,227,
127:
94,34,303,521,480,563,
128:
532,236,678,581,315,239,507,263,53,49,330,
129:
220,58,
130:
470,472,84,586,
131:
232,284,424,
132:
523,557,629,
133:
60,
134:
446,
135:
450,147,262,
136:
577,246,
137:
324,599,385,198,
138:
489,
139:
733,356,79,707,616,131,544,
140:
243,
141:
340,308,20,493,26,
142:
228,395,
143:
40,47,565,
144:
691,75,176,10,267,407,272,670,152,189,540,732,112,729,
145:
447,705,164,525,402,703,277,
146:
354,397,326,12,
147:
606,533,
148:
648,
149:
638,42,744,234,88,80,316,301,510,429,148,505,695,1,24,187,410,126,639,252,677,
150:
609,304,731,271,418,564,344,
151:
375,309,93,688,553,456,408,249,530,9,336,478,643,578,676,698,364,714,229,501,269,317,546,186,692,188,406,383,333,348,299,587,300,310,210,442,341,728,298,437,699,672,195,
152:
740,125,
153:
170,614,451,46,509,580,619,
154:
153,136,150,
155:
2,386,726,655,
156:
199,66,597,
157:
519,681,352,645,398,473,537,305,476,307,
158:
211,460,396,100,64,
159:
549,631,
160:
73,601,38,585,283,566,642,134,425,430,
161:
360,22,718,36,274,400,141,550,
162:
204,137,193,
163:
224,701,492,
164:
103,233,527,377,33,226,
165:
502,474,
166:
423,697,
167:
209,294,332,335,206,464,74,
168:
168,588,
169:
439,596,
170:
392,355,378,499,241,466,59,151,605,92,278,487,653,535,97,6,41,338,244,589,
171:
21,576,155,
172:
145,120,743,328,554,102,71,
173:
381,555,
174:
51,87,104,687,
175:
128,30,69,745,486,190,736,98,433,334,70,
176:
686,247,275,31,353,710,347,518,250,45,
177:
29,445,296,237,709,
178:
604,173,
179:
420,690,
180:
485,292,
181:
89,
182:
372,281,55,498,
183:
143,734,
184:
62,715,351,552,
